# Example1 Banned obs file written 2025 Feb 20 16:18:40 UTC
J95 50733.000731 010.044833 +04.149917
J95 50734.746631 009.438500 +03.893472
691 50736.141331 008.950125 +03.687889
E12 50736.491931 008.826250 +03.638639
709 50736.492531 008.823083 +03.635694
709 50738.238431 008.213625 +03.377167
691 50739.281931 007.847667 +03.222361
J95 50739.984331 007.602083 +03.117806
E12 50740.533231 007.411417 +03.040417
J95 50741.730231 006.998708 +02.860833
691 50742.422531 006.756417 +02.760694
709 50743.064731 006.540750 +02.667194
709 50743.476131 006.396000 +02.607639
709 50745.222031 005.809667 +02.357861
J95 50746.967931 005.233583 +02.112972
J95 50760.935131 001.393667 +00.486083
J95 50762.681031 001.042792 +00.337444
