COM Posn sigma 0.3
    Example2  C1997 04 21.34707 13 57 33.13 -09 12 14.3         x            413
    Example2  C1997 04 21.39162 13 57 36.42 -09 12 37.9         x            413
    Example2  C1997 04 21.43617 13 57 36.13 -09 12 59.7         x            413
    Example2  C1997 04 21.48072 13 57 32.47 -09 13 17.1         x            413
    Example2  C1997 04 21.52527 13 57 25.95 -09 13 27.6         x12.9 V      413
    Example2  C1997 04 21.56982 13 57 17.38 -09 13 29.1         x            413
    Example2  C1997 04 21.61437 13 57 07.79 -09 13 19.8         x            413
    Example2  C1997 04 21.65892 13 56 58.40 -09 12 58.9         x            413
    Example2  C1997 04 21.70347 13 56 50.55 -09 12 26.1         x            413
    Example2  C1997 04 21.74802 13 56 45.59 -09 11 42.1         x            413
    Example2  C1997 04 21.79257 13 56 44.76 -09 10 48.4         x            413
    Example2  C1997 04 21.83712 13 56 49.15 -09 09 47.2                      413
    Example2  C1997 04 22.32717 14 03 16.55 -09 03 39.8                      413
    Example2  C1997 04 22.37172 14 03 57.32 -09 04 02.8                      413
    Example2  C1997 04 22.41627 14 04 33.98 -09 04 23.9                      413
    Example2  C1997 04 22.46082 14 05 06.52 -09 04 34.5                      413
    Example2  C1997 04 22.50537 14 05 35.76 -09 04 23.8                      413
    Example2  C1997 04 22.54992 14 06 02.77 -09 03 33.9                      413
    Example2  C1997 04 22.59447 14 06 29.71 -09 01 40.5                      413
    Example2  C1997 04 22.63902 14 07 04.83 -08 58 23.8         x            413
